COMPREHENSIVE FETAL MRI IMAGE QUALITY ANALYSIS (10 SUBJECT AVERAGE)
============================================================

Metrics computed for each TE and stack number:
- Contrast Ratio (CR): WM/GM signal ratio
- Contrast-to-Noise Ratio (CNR): tissue contrast relative to noise
- SNR GM/WM: signal-to-noise ratios for gray/white matter
- SSIM: structural similarity index (vs. maximum stacks)
- MSE: mean squared error (vs. maximum stacks)

TE 98 ms:
Stack	CR	CNR	SNR_GM	SNR_WM	SSIM	MSE
------------------------------------------------------------
1	1.026	0.122	1.372	1.572	0.459	1.41e-02
2	0.944	0.127	1.589	1.837	0.553	9.40e-03
3	0.951	0.136	1.686	1.963	0.623	6.72e-03
4	0.953	0.143	1.744	2.044	0.667	5.37e-03
5	0.953	0.148	1.788	2.111	0.711	4.25e-03
6	0.952	0.151	1.837	2.188	0.813	2.07e-03
7	0.965	0.141	1.711	1.978	0.855	1.57e-03
8	0.978	0.141	1.764	2.036	0.859	1.44e-03
9	0.977	0.143	1.777	2.056	0.960	5.32e-04
10	0.979	0.096	1.825	1.975	0.941	7.14e-04
11	0.979	0.097	1.832	1.982	0.957	4.80e-04
12	0.964	0.110	1.791	1.943	0.973	1.32e-03

TE 140 ms:
Stack	CR	CNR	SNR_GM	SNR_WM	SSIM	MSE
------------------------------------------------------------
1	0.992	0.114	1.136	1.284	0.427	1.66e-02
2	0.946	0.097	1.302	1.482	0.516	1.12e-02
3	0.939	0.110	1.377	1.583	0.564	9.15e-03
4	0.947	0.102	1.397	1.614	0.625	6.89e-03
5	0.946	0.106	1.416	1.651	0.670	5.74e-03
6	0.937	0.125	1.475	1.724	0.894	1.37e-03
7	0.944	0.143	1.529	1.785	0.811	2.07e-03
8	0.942	0.144	1.551	1.814	0.837	1.69e-03
9	0.924	0.175	1.608	1.880	0.914	1.15e-03
10	0.890	0.202	1.623	1.850	0.947	7.08e-04
11	0.898	0.179	1.571	1.778	0.927	8.96e-04
12	0.885	0.190	1.543	1.760	0.978	1.05e-03

TE 181 ms:
Stack	CR	CNR	SNR_GM	SNR_WM	SSIM	MSE
------------------------------------------------------------
1	0.934	0.112	1.102	1.231	0.444	1.67e-02
2	0.950	0.104	1.166	1.296	0.523	1.25e-02
3	0.954	0.110	1.213	1.355	0.585	9.58e-03
4	0.950	0.113	1.252	1.402	0.650	7.05e-03
5	0.950	0.118	1.269	1.433	0.704	5.48e-03
6	0.947	0.124	1.291	1.453	0.897	1.22e-03
7	0.970	0.113	1.417	1.591	0.809	2.22e-03
8	0.969	0.114	1.433	1.608	0.840	1.67e-03
9	0.969	0.115	1.443	1.620	0.930	8.15e-04
10	0.928	0.116	1.380	1.585	0.916	9.67e-04
11	0.927	0.118	1.385	1.590	0.934	7.48e-04
12	0.921	0.125	1.379	1.586	0.986	2.67e-04

TE 272 ms:
Stack	CR	CNR	SNR_GM	SNR_WM	SSIM	MSE
------------------------------------------------------------
1	0.919	0.107	0.863	0.977	0.420	1.90e-02
2	0.939	0.092	0.918	1.043	0.495	1.53e-02
3	0.941	0.093	0.915	1.044	0.547	1.30e-02
4	0.947	0.091	0.926	1.064	0.610	1.07e-02
5	0.948	0.092	0.931	1.073	0.646	9.78e-03
6	0.944	0.096	0.941	1.086	0.891	1.50e-03
7	0.939	0.089	1.038	1.214	0.802	2.49e-03
8	0.935	0.088	1.047	1.226	0.835	1.96e-03
9	0.937	0.089	1.054	1.236	0.862	1.57e-03
10	0.937	0.090	1.058	1.242	0.938	7.63e-04
11	0.908	0.120	1.058	1.264	0.928	8.39e-04
12	0.901	0.125	1.053	1.258	0.992	2.25e-04

